tensor([[[ 1.1572e+00,  9.2529e-01, -3.0586e+00,  1.4336e+00,  1.2324e+00,
           6.9482e-01,  2.8066e+00, -1.6199e-01],
         [ 2.0586e+00,  3.0981e-01, -5.1855e-01,  7.3193e-01,  9.4531e-01,
          -2.3379e+00,  4.3203e+00, -3.0127e-01],
         [ 1.8740e+00,  6.2793e-01,  4.2236e-01,  3.7539e+00, -1.1133e+00,
          -2.6582e+00,  1.8877e+00, -3.1787e-01],
         [ 1.7598e+00,  2.7832e+00, -2.1523e+00,  6.5234e-01, -1.5889e+00,
          -1.5039e+00,  1.3135e+00, -1.5356e-01],
         [ 5.1172e-01,  2.6416e-01, -8.0566e-01,  1.9551e+00, -1.4355e+00,
          -1.7471e+00,  1.0898e+00, -6.0547e-01],
         [ 1.8955e+00,  4.2432e-01, -4.6411e-01,  2.7363e+00,  7.2021e-01,
          -3.7305e+00,  1.3613e+00, -8.9697e-01],
         [ 1.5098e+00, -1.6885e+00, -5.1855e-01,  2.0664e+00,  1.2705e+00,
          -5.9141e+00,  1.0215e+00,  8.2324e-01],
         [ 1.3467e+00, -2.3418e+00, -6.2988e-01,  2.1738e+00, -1.6699e+00,
          -1.5986e+00,  1.8469e-01,  8.9014e-01],
         [ 1.1094e+00, -1.9629e+00, -2.9727e+00,  3.3906e+00,  2.8789e+00,
          -4.6602e+00,  2.1660e+00, -4.0747e-01],
         [-1.5986e+00, -1.2949e+00,  5.2100e-01,  2.5879e+00, -1.3232e+00,
          -2.6196e-01, -1.5156e+00, -4.8706e-01],
         [-1.0016e-01, -1.2676e+00, -5.7129e-01,  3.2251e-01, -1.6768e+00,
          -1.0146e+00, -6.8555e-01, -2.4707e+00],
         [ 1.0439e+00, -2.0586e+00, -2.9492e+00, -4.8975e-01, -7.6465e-01,
          -3.6387e+00,  4.0479e-01, -1.4404e+00],
         [ 6.1084e-01, -2.4492e+00, -6.6943e-01,  9.9316e-01, -8.9404e-01,
          -1.0508e+00,  1.9961e+00, -5.7422e-01],
         [-1.7432e-01,  1.4326e+00,  1.6699e+00,  2.3300e-02, -2.0293e+00,
           2.2773e+00,  1.0869e+00,  1.3545e+00],
         [ 1.1504e+00, -1.7695e+00, -1.5381e-01,  7.2815e-02,  2.4590e+00,
          -5.6367e+00,  8.4180e-01, -5.7080e-01],
         [ 1.7061e+00, -1.9104e-01,  7.7930e-01,  2.2754e+00, -3.6102e-02,
           7.4756e-01,  1.8350e+00, -5.9814e-01],
         [ 2.8047e+00,  7.2900e-01, -5.0342e-01,  1.5576e+00, -4.1284e-01,
           5.1074e-01,  6.7627e-01, -6.9141e-01],
         [-1.7505e-01,  5.6201e-01,  1.3447e+00,  2.8516e+00, -6.1572e-01,
           2.2617e+00, -2.8789e+00,  1.6934e+00],
         [ 7.7344e-01, -1.1406e+00, -2.4622e-01,  9.0332e-01, -1.4639e+00,
           1.2021e+00,  2.1875e+00,  3.1016e+00],
         [-4.1602e-01, -2.4941e+00, -1.2441e+00,  1.3359e+00,  2.8086e+00,
          -2.5742e+00,  2.6392e-01, -1.0908e+00],
         [ 8.4912e-01, -3.0347e-01, -1.0566e+00, -4.0308e-01, -3.9600e-01,
           1.8057e+00,  1.6182e+00,  1.5547e+00],
         [ 1.3730e+00,  1.5537e+00,  8.3838e-01,  6.0254e-01,  1.4717e+00,
           1.5850e+00,  3.4570e-01,  2.8203e+00],
         [ 2.0430e+00,  2.5508e+00,  3.7183e-01,  5.7343e-02, -2.1545e-01,
           1.1084e+00,  8.7646e-01, -8.7451e-01],
         [ 1.6904e+00,  1.2568e+00, -6.0498e-01,  4.9854e-01, -6.6895e-01,
           1.3438e+00,  1.7568e+00, -3.0200e-01],
         [ 1.9502e+00,  2.1074e+00,  4.4946e-01, -1.2314e+00, -5.9082e-01,
           2.7368e-01, -2.1660e+00,  1.2988e+00],
         [-2.4824e+00,  1.2686e+00, -1.7542e-01, -4.9316e-01, -1.0889e+00,
          -1.7285e+00, -6.2354e-01, -8.5742e-01],
         [ 1.2090e+00, -6.7578e-01, -3.3398e-01,  2.3819e-02, -5.7031e-01,
           3.0908e-01,  1.9180e+00,  9.3311e-01],
         [-1.3027e+00, -4.8779e-01,  8.3887e-01,  2.9902e+00, -3.0469e+00,
          -1.4014e+00, -2.3574e+00, -1.1182e+00],
         [-2.4744e-01, -1.4277e+00,  6.1230e-01, -1.9910e-01, -2.0977e+00,
          -7.0703e-01, -1.5342e+00, -3.5625e+00],
         [-6.4697e-03, -2.0059e+00, -1.4268e+00, -1.9326e+00, -4.7241e-01,
          -3.5059e+00,  7.1729e-01, -1.1328e+00],
         [ 5.5878e-02, -5.7373e-01,  4.7168e-01, -2.0742e+00, -2.0527e+00,
           6.6846e-01,  3.0469e-01, -6.2988e-02],
         [ 1.0547e+00, -7.5049e-01,  4.1650e-01,  6.0638e-02,  2.7441e+00,
          -1.8320e+00,  2.1055e+00,  1.3196e-01],
         [ 5.9521e-01,  6.7139e-01,  8.5254e-01, -2.1484e-01, -4.7516e-02,
          -5.1416e-01,  4.3188e-01, -1.2930e+00],
         [ 2.0742e+00, -1.0430e+00,  7.9199e-01,  3.8989e-01,  1.6152e+00,
          -2.1699e+00,  2.1230e+00,  1.4478e-01],
         [ 6.9092e-01,  6.7041e-01, -1.4793e-02,  2.2324e+00, -7.4023e-01,
          -6.2207e-01,  1.1172e+00,  1.7354e+00],
         [-2.5840e+00, -3.7036e-01, -7.3059e-02,  1.3955e+00, -1.1367e+00,
          -5.0732e-01, -1.1914e+00,  3.1836e+00],
         [ 1.1006e+00, -6.0986e-01, -6.4258e-01,  1.7002e+00, -3.5718e-01,
          -1.5393e-01,  3.6377e-01,  6.3281e-01],
         [-8.5303e-01,  1.2422e+00,  2.0532e-01,  1.9004e+00, -1.0049e+00,
           4.4019e-01, -2.8638e-01,  2.8223e+00],
         [-5.8594e-01, -4.3335e-01, -1.5293e+00,  3.7207e+00, -1.2861e+00,
          -6.4697e-01,  1.2061e+00,  1.5454e-01],
         [-9.3652e-01, -5.9814e-01, -3.1860e-01,  9.0771e-01, -1.9707e+00,
           2.1692e-01, -2.6138e-02, -2.2656e+00],
         [ 1.9229e+00,  4.5972e-01, -4.3140e-01, -1.8433e-01,  8.9600e-01,
           6.7041e-01,  6.0742e-01, -2.9590e-01],
         [ 1.2754e+00,  1.0928e+00,  2.2129e+00, -2.4121e+00,  1.0352e+00,
          -2.9251e-02, -3.7090e+00, -4.6436e-01],
         [ 4.7021e-01, -1.7520e+00, -1.5820e+00,  9.3457e-01,  1.0469e+00,
          -1.8809e+00, -5.4883e-01, -1.6760e-01],
         [-2.1790e-02, -6.2402e-01, -7.2168e-01,  9.6143e-01,  1.9160e+00,
          -1.0010e+00,  1.9658e+00,  2.3223e+00],
         [-1.3623e+00,  1.0225e+00, -2.2717e-01,  2.7480e+00, -9.2920e-01,
          -3.4424e-02, -1.9604e-01,  3.0000e+00],
         [-2.7129e+00, -1.5938e+00, -1.1660e+00, -5.1178e-02, -2.0645e+00,
          -1.7090e+00, -1.7566e-01,  1.2686e+00],
         [-1.7168e+00, -3.7988e-01, -1.5527e+00,  1.0225e+00,  9.2188e-01,
          -4.7539e+00,  1.4424e+00,  2.5762e+00],
         [-6.0693e-01, -1.0420e+00,  1.9980e+00, -7.6370e-03, -3.4707e+00,
          -1.3105e+00,  2.2871e+00,  1.6904e+00],
         [-7.5928e-01,  9.2651e-02, -1.1309e+00,  7.2363e-01,  5.2002e-01,
          -2.2324e+00,  1.4844e+00, -2.5513e-01],
         [ 4.5312e-01,  1.3501e-01, -2.5898e+00,  2.7344e+00, -2.3047e+00,
           1.4932e+00,  1.5381e+00,  9.0479e-01],
         [-4.3237e-01, -2.6074e-01, -1.3613e+00,  4.9766e+00,  1.3611e-01,
           1.7881e+00,  6.2354e-01,  3.1582e+00],
         [-1.7881e+00,  1.6855e+00, -1.1602e+00,  2.8711e+00, -1.3262e+00,
          -1.2686e+00,  8.9258e-01,  2.2324e+00],
         [ 6.9531e-01,  2.3239e-02, -1.6855e+00,  1.0052e-01, -9.2090e-01,
           1.3320e+00, -7.3438e-01,  1.4482e+00],
         [-1.6152e+00, -2.1836e+00, -2.0020e+00, -7.8711e-01,  3.6230e-01,
          -1.2686e+00, -7.3926e-01,  2.2559e+00],
         [-6.4600e-01, -1.0907e-01,  2.4707e-01,  1.9238e+00, -2.4551e+00,
           7.5488e-01,  7.6758e-01,  2.9512e+00],
         [ 2.2815e-01, -1.5703e+00,  7.6953e-01,  1.4502e+00,  3.9038e-01,
          -6.1768e-01,  2.5352e+00,  3.0493e-01],
         [-1.3594e+00, -9.3457e-01, -1.6748e+00, -5.8105e-02, -4.3945e-01,
          -1.9102e+00,  2.4219e+00,  2.5938e+00],
         [ 1.5264e+00,  7.4561e-01,  7.6562e-01, -1.2500e+00,  3.9233e-01,
          -3.6035e+00,  9.5996e-01,  1.6992e+00],
         [-5.0342e-01,  1.4795e+00,  1.8555e+00, -3.0625e+00, -9.5068e-01,
           1.0422e-02, -3.5449e+00,  1.4229e+00],
         [-1.5820e+00, -6.5796e-02, -1.1943e+00, -7.2754e-01, -2.6914e+00,
          -3.7031e+00, -7.2998e-01,  7.1973e-01],
         [-3.2178e-01, -4.1675e-01, -9.8730e-01,  1.9507e-01,  3.9062e-01,
          -4.7607e-01,  3.0640e-01, -9.2090e-01],
         [-9.4678e-01, -1.1289e+00, -2.7783e-01, -1.0068e+00,  2.3262e+00,
          -2.6094e+00,  2.9102e+00,  1.2461e+00],
         [ 1.9639e+00, -3.3057e-01,  7.2070e-01,  1.5176e+00,  9.9268e-01,
          -3.4121e+00,  3.2959e-01,  1.9121e+00],
         [ 1.1846e+00, -3.3472e-01, -3.1055e-01,  1.7959e+00,  3.5938e-01,
          -5.5469e-01,  3.2300e-01,  5.0830e-01],
         [-6.8408e-01,  2.2156e-01, -1.1064e+00,  1.6445e+00, -1.5068e+00,
           2.5732e-01, -1.5225e+00,  3.7344e+00],
         [-1.9111e+00, -7.1045e-01, -1.9805e+00,  1.2002e+00, -2.2988e+00,
          -9.1064e-01, -4.3848e-01,  1.2109e+00],
         [ 6.7725e-01,  1.3271e+00, -8.5059e-01,  2.4844e+00, -7.7246e-01,
           1.4893e+00,  8.6230e-01,  2.1191e-01],
         [ 9.0869e-01,  4.9951e-01, -1.2129e+00, -1.3477e+00, -1.9395e+00,
           1.5820e+00,  8.9294e-02,  1.0488e+00],
         [-2.3804e-01,  4.6582e-01,  4.9667e-03,  2.6406e+00, -5.0098e-01,
          -4.0820e-01,  2.3132e-01,  3.3105e-01],
         [ 7.8906e-01,  1.3164e+00,  1.9824e-01,  2.4043e+00,  1.4307e-01,
           9.7705e-01, -1.6711e-01, -1.1270e+00],
         [-1.0254e+00,  5.2930e-01,  5.8350e-01,  2.4805e+00, -1.1318e+00,
          -1.9141e+00, -1.2158e+00, -1.8066e+00],
         [-7.0654e-01, -1.3477e+00,  6.5674e-01,  8.9600e-01, -1.8652e+00,
          -1.8193e+00, -8.3203e-01, -3.9277e+00],
         [-1.4502e-01, -1.8389e+00, -9.3896e-01,  5.5029e-01, -1.2002e+00,
          -3.9316e+00, -3.2422e-01, -3.7188e+00],
         [-3.0200e-01,  6.7578e-01,  7.7979e-01, -3.0103e-01, -1.1797e+00,
          -9.4141e-01, -8.1055e-01, -2.3066e+00],
         [ 9.3359e-01,  1.6924e+00,  1.6045e+00,  9.4629e-01,  3.2300e-01,
          -2.8535e+00,  9.5068e-01, -1.0762e+00],
         [ 1.9836e-01,  6.1523e-01,  7.2949e-01,  3.7891e+00,  1.2886e-02,
          -2.7520e+00,  1.1543e+00,  1.4297e+00]],

        [[ 1.1572e+00,  9.2529e-01, -3.0586e+00,  1.4336e+00,  1.2324e+00,
           6.9482e-01,  2.8066e+00, -1.6199e-01],
         [ 1.0312e+00, -1.6318e+00,  1.7246e+00, -2.7383e+00, -9.5410e-01,
          -4.3457e-01,  1.3171e-01,  9.2139e-01],
         [ 5.9473e-01, -4.7705e-01,  6.4502e-01, -5.8060e-03, -1.1328e+00,
          -1.3975e+00,  8.9478e-02,  2.2949e+00],
         [ 7.9199e-01, -3.5864e-01, -1.1748e+00,  1.6895e+00,  8.4570e-01,
          -3.6230e+00,  2.3711e+00,  4.7388e-01],
         [ 7.3682e-01, -1.4297e+00, -3.2935e-01,  6.2109e-01,  6.7676e-01,
          -4.5469e+00,  1.1973e+00,  8.0957e-01],
         [ 6.8750e-01, -1.0752e+00, -1.1631e+00,  3.0029e-01, -1.0537e+00,
          -1.6934e+00,  9.9170e-01,  2.0391e+00],
         [-7.8662e-01, -4.5850e-01,  2.8857e-01,  1.5784e-01,  1.6133e+00,
          -2.5430e+00,  2.0137e+00,  2.5801e+00],
         [ 2.3848e+00, -8.4473e-01,  3.2080e-01,  5.0879e-01, -5.6494e-01,
          -1.6621e+00,  4.0742e+00,  1.7188e+00],
         [-3.9087e-01,  1.6611e+00,  2.3242e+00,  1.8188e-01, -7.4365e-01,
           1.0571e-01, -1.9717e+00,  6.4893e-01],
         [ 8.2715e-01,  2.8047e+00,  1.1719e+00,  1.3301e+00, -2.2734e+00,
           2.4336e+00, -2.4707e+00, -5.8105e-01],
         [ 1.3506e+00,  1.8662e+00,  1.0176e+00, -1.1982e+00, -2.5977e-01,
           1.5459e+00,  4.9243e-01,  3.7129e+00],
         [ 1.3105e+00,  1.3037e+00, -1.9958e-01, -9.6777e-01,  1.4258e+00,
          -3.0078e+00, -1.7493e-01,  2.4492e+00],
         [-8.9502e-01, -6.1523e-01,  2.5352e+00, -1.6523e+00, -2.3340e+00,
          -1.6016e+00, -2.5293e+00,  1.3008e+00],
         [ 9.6631e-01, -1.3408e+00,  2.5997e-03, -1.4414e+00,  2.2285e+00,
          -1.2988e+00, -5.1611e-01,  4.4434e-01],
         [ 1.0547e+00,  1.7004e-01, -1.2686e+00, -2.4785e+00,  7.7637e-01,
          -3.6895e+00,  1.6318e+00,  8.6035e-01],
         [ 5.7324e-01,  1.3550e-01, -1.5488e+00, -3.7344e+00,  1.6807e+00,
          -3.3809e+00,  2.6055e+00,  6.9287e-01],
         [ 1.8916e+00, -1.9849e-01, -3.0078e-01, -1.9756e+00,  2.1758e+00,
          -2.6895e+00,  1.6602e+00,  3.8340e+00],
         [ 1.2383e+00,  3.6060e-01, -1.4160e+00,  3.6694e-01,  2.0996e+00,
          -1.8418e+00,  2.4902e+00,  2.5859e+00],
         [-1.5352e+00,  3.1211e+00,  7.6123e-01,  4.4507e-01, -5.0293e-01,
           1.8042e-01, -1.7412e+00,  1.6113e+00],
         [-2.9443e-01,  1.7217e+00, -1.4756e+00,  7.8369e-01, -2.0776e-01,
          -1.5186e-01, -9.8096e-01, -3.5986e-01],
         [ 1.1123e+00,  2.5195e+00, -2.5430e+00,  4.0845e-01,  3.8555e+00,
           1.9883e+00,  1.2715e+00,  4.3398e+00],
         [-7.0605e-01,  4.0210e-01, -4.4141e-01,  8.5449e-01, -5.3027e-01,
          -1.3320e+00, -1.4697e+00,  2.2324e+00],
         [ 1.5205e+00,  9.7461e-01, -1.3545e+00, -7.2949e-01,  4.3008e+00,
          -1.9482e+00,  1.7178e+00,  3.4805e+00],
         [-1.9434e+00, -1.0651e-01,  1.3828e+00,  3.5840e-01,  1.6914e+00,
          -1.6416e+00, -9.9561e-01,  2.5410e+00],
         [ 1.2197e+00,  1.7881e+00, -9.0283e-01, -2.1851e-01,  1.5449e+00,
          -1.2373e+00, -3.0664e+00,  2.8926e+00],
         [ 9.0918e-01,  2.0977e+00, -2.3965e+00,  1.2280e-01,  3.8652e+00,
          -1.8818e+00,  5.1807e-01,  2.5234e+00],
         [ 4.2798e-01,  4.3042e-01, -3.5693e-01, -3.2012e+00,  2.2668e-01,
           8.4375e-01,  2.7090e+00,  1.2100e+00],
         [-2.4805e+00,  1.2568e+00, -2.9336e+00, -1.2881e+00,  4.4609e+00,
          -1.6768e+00,  3.2891e+00,  1.8213e+00],
         [-2.6270e+00,  3.1787e-01, -2.0000e+00, -1.1553e+00,  3.3887e+00,
           1.7285e+00,  2.4258e+00,  2.5527e+00],
         [-6.1426e-01,  1.0742e+00, -1.5410e+00, -4.0942e-01,  2.7168e+00,
           2.4863e+00,  1.0957e+00,  1.4590e+00],
         [-1.1182e+00, -2.3865e-02, -1.7490e+00,  8.3496e-01, -1.9561e+00,
          -1.8848e+00, -1.9229e+00,  5.1611e-01],
         [-2.1055e+00,  3.0469e+00, -2.9272e-01, -1.0781e+00,  3.2070e+00,
           2.1309e+00,  2.4297e+00,  1.6943e+00],
         [ 1.1787e+00, -3.2959e-01, -2.1758e+00, -1.6299e+00,  5.0586e+00,
          -5.4883e+00,  1.6143e+00,  4.6265e-01],
         [ 2.3516e+00,  1.2347e-01, -1.6982e+00, -9.9609e-01,  2.5742e+00,
          -8.7158e-01,  2.3398e+00,  1.8252e+00],
         [-2.0547e+00,  2.5332e+00, -3.7903e-02,  9.1309e-02, -1.4570e+00,
           3.4009e-01,  9.6094e-01,  9.1748e-01],
         [-2.3938e-01,  4.6167e-01, -1.3438e+00, -3.5181e-01,  5.4062e+00,
          -7.1240e-01, -2.8955e-01,  3.0176e+00],
         [-1.3525e+00,  1.1768e+00, -1.3691e+00, -1.8271e+00,  6.1484e+00,
           4.0674e-01,  2.5508e+00,  2.5586e-01],
         [ 6.1377e-01, -3.4058e-01, -8.1445e-01, -1.6101e-01,  1.9492e+00,
          -2.6758e+00,  1.7764e+00,  8.2520e-01],
         [-2.0764e-01, -7.5439e-01, -2.2388e-01,  1.0488e+00,  2.8672e+00,
          -5.6680e+00,  3.6401e-01, -3.4595e-01],
         [-5.4688e-02, -4.9146e-01, -5.6091e-02,  1.0785e-01,  2.5996e+00,
          -4.4609e+00,  9.0088e-01,  9.5654e-01],
         [ 4.9634e-01,  1.2236e+00, -1.0078e+00, -1.3242e+00,  3.4980e+00,
          -1.8574e+00,  1.0146e+00,  1.5088e+00],
         [-3.8940e-01,  6.2256e-01, -2.3945e+00, -2.6035e+00,  4.4727e+00,
          -5.3867e+00,  4.7583e-01, -7.4316e-01],
         [-3.1934e-01,  1.0469e+00, -2.5801e+00, -1.1123e+00,  4.2695e+00,
          -3.3496e+00,  1.2148e+00, -1.3281e-01],
         [ 2.0293e+00,  1.4922e+00, -2.7949e+00, -2.5024e-01,  3.4902e+00,
           6.5979e-02,  2.2695e+00,  1.0615e+00],
         [ 1.1035e+00,  4.1992e+00,  2.5859e+00,  9.9756e-01,  2.2930e+00,
           1.4978e-01, -2.3730e+00,  3.3691e+00],
         [-1.4912e+00,  1.3369e+00, -2.5562e-01,  2.1875e+00,  2.1753e-01,
           2.1230e+00, -2.1118e-01, -3.3521e-01],
         [-3.2666e-01,  1.1074e+00, -8.9990e-01,  7.1338e-01,  6.1367e+00,
          -2.4512e+00,  1.4121e+00,  3.8892e-01],
         [ 1.8115e+00,  2.8086e+00, -2.4707e+00, -1.1211e+00,  3.7520e+00,
           3.9331e-01,  1.2383e+00,  8.0518e-01],
         [-1.5811e+00,  2.7500e+00,  1.9639e+00,  1.0264e+00, -8.7305e-01,
           1.1738e+00, -3.7695e-01,  1.0107e+00],
         [-1.8906e+00,  1.0215e+00,  1.7949e+00, -3.9087e-01, -1.2031e+00,
          -1.8787e-01, -2.3008e+00,  1.1797e+00],
         [ 4.9414e-01,  1.1182e+00, -3.6499e-01, -1.7217e+00,  6.6289e+00,
          -2.0410e+00,  1.6348e+00,  8.9795e-01],
         [ 1.9736e+00,  2.9238e+00, -2.5840e+00, -8.2910e-01,  3.3457e+00,
           4.1406e-01,  5.4053e-01,  7.8809e-01],
         [ 1.3513e-01,  9.2920e-01, -4.7095e-01, -3.5107e-01,  1.0947e+00,
           1.5811e+00, -2.8662e-01,  6.8115e-01],
         [ 5.2148e-01,  6.2939e-01, -4.8535e-01, -3.8110e-01,  6.5234e+00,
          -1.6211e+00,  2.0059e+00,  9.7900e-01],
         [ 1.9873e+00,  2.0664e+00, -2.9688e+00, -9.3896e-01,  3.3945e+00,
           1.8274e-01,  9.4775e-01,  1.2383e+00],
         [-1.8828e+00, -2.2815e-01, -2.1094e+00,  7.1729e-01,  2.6426e+00,
           5.3467e-01,  1.7554e-01, -8.7402e-01],
         [ 5.0684e-01,  4.0112e-01, -2.8125e-01,  8.0908e-01,  7.1484e+00,
          -1.4990e+00,  9.1113e-01,  3.6353e-01],
         [ 1.5771e+00,  2.3027e+00, -3.0410e+00, -1.4043e+00,  3.5586e+00,
           1.1992e+00,  1.1816e+00,  1.1133e+00],
         [ 4.0833e-02,  1.2183e-01,  1.0332e+00,  3.5879e+00, -1.5991e-01,
          -4.9585e-01,  3.9575e-01,  2.4531e+00],
         [ 1.3125e+00,  2.0273e+00,  2.5957e+00,  2.3203e+00,  1.9561e+00,
           1.9834e+00, -1.2988e+00,  1.2891e-01],
         [ 1.1309e+00,  6.2891e-01,  1.2866e-01,  1.2246e+00,  6.7305e+00,
          -2.0195e+00,  1.2236e+00, -4.0308e-01],
         [ 1.6406e+00,  2.6055e+00, -2.3926e+00, -8.4570e-01,  3.2383e+00,
           9.7705e-01,  5.7617e-01, -3.6407e-02],
         [-9.6680e-01, -2.5146e-01, -1.0713e+00,  3.3887e+00,  1.0088e+00,
           1.2927e-01,  1.3008e+00,  1.5752e+00],
         [-1.0881e-03,  5.3418e-01, -3.1982e-01,  5.5176e-01,  6.6133e+00,
          -1.8926e+00,  2.3535e+00, -2.0050e-02],
         [ 4.8584e-01,  2.1270e+00, -2.2734e+00,  1.6565e-01,  4.3828e+00,
           9.6436e-02,  2.3242e+00,  4.1528e-01],
         [-7.8809e-01,  1.5039e+00,  8.4961e-01, -1.2140e-01,  9.1064e-01,
           1.6040e-01, -1.4678e+00,  5.8447e-01],
         [ 1.2188e+00,  1.4668e+00,  1.1206e-01, -1.0557e+00,  4.9258e+00,
          -2.9551e+00,  2.6514e-01,  1.1240e+00],
         [ 9.9170e-01,  6.1670e-01, -1.0370e-01, -5.7422e-01,  3.3105e+00,
          -4.2109e+00,  1.2754e+00,  9.2920e-01],
         [ 4.7836e-03,  1.4375e+00, -3.4973e-02, -1.6436e+00, -1.3027e+00,
           1.7920e+00, -9.5947e-01,  3.2754e+00],
         [ 3.6963e-01, -5.8154e-01, -4.6338e-01, -1.4600e+00,  3.4902e+00,
           2.7129e+00, -6.8701e-01,  4.0210e-01],
         [ 8.1152e-01,  3.9727e+00, -4.1846e-01, -1.3398e+00,  1.1973e+00,
           1.3193e+00,  1.2471e+00, -9.0723e-01],
         [-6.4990e-01,  8.7109e-01,  6.5186e-02, -2.1445e+00,  1.5898e+00,
           7.2021e-01, -1.3281e+00, -4.0527e-01],
         [-2.4121e+00,  2.8477e+00,  5.6201e-01, -2.1509e-01,  7.2607e-01,
           1.6006e+00, -5.8154e-01, -8.4033e-01],
         [-1.9414e+00,  2.5078e+00, -1.5098e+00, -7.4072e-01,  1.4092e+00,
          -8.5352e-01,  1.5713e+00, -5.3223e-01],
         [-2.2129e+00,  2.2422e+00, -9.7266e-01, -7.4268e-01,  6.1182e-01,
          -3.3301e+00,  8.4131e-01, -1.5215e+00],
         [-3.9478e-01,  1.4424e+00,  4.2773e-01, -1.7393e+00,  4.0859e+00,
          -3.5840e+00, -2.8906e-01, -1.0254e-01]],

        [[ 1.1572e+00,  9.2529e-01, -3.0586e+00,  1.4336e+00,  1.2324e+00,
           6.9482e-01,  2.8066e+00, -1.6199e-01],
         [ 6.3574e-01,  8.3545e-01, -8.7097e-02,  1.1113e+00, -1.1875e+00,
          -7.7441e-01,  9.0137e-01,  1.8369e+00],
         [ 1.3733e-01,  7.6514e-01, -3.8066e+00,  8.2471e-01,  1.2012e+00,
          -1.2842e+00,  2.1348e+00,  1.7393e+00],
         [ 6.4209e-01,  1.3721e+00,  8.2947e-02,  7.5830e-01,  9.7363e-01,
          -9.5605e-01,  1.7822e+00,  1.6855e+00],
         [ 1.0781e+00,  2.0654e-01, -8.6377e-01,  2.5195e+00,  1.1992e+00,
          -3.3555e+00,  2.2402e+00, -3.7628e-02],
         [-2.0508e-01, -1.2168e+00, -1.6631e+00,  1.2197e+00,  1.1621e+00,
          -4.6016e+00,  2.0586e+00,  1.2754e+00],
         [ 1.2227e+00, -1.9844e+00, -3.4961e-01,  2.1875e-01, -1.5527e+00,
          -1.8135e+00,  1.0537e+00,  1.8613e+00],
         [ 2.2227e+00, -3.1421e-01, -1.6289e+00,  1.8447e+00,  8.7207e-01,
          -4.8901e-01,  3.3652e+00,  6.8555e-01],
         [-1.8955e+00, -1.0264e+00, -6.7090e-01,  9.7656e-01, -2.1484e+00,
           3.3740e-01, -2.6504e+00, -5.5615e-01],
         [-2.1069e-01, -1.9043e+00,  1.9844e+00,  9.3994e-01, -4.5532e-01,
          -7.8552e-02,  1.3740e+00, -6.5820e-01],
         [ 1.5518e+00, -1.5381e+00,  2.5078e+00,  8.8135e-01,  8.7646e-01,
           4.2389e-02,  1.4385e+00,  9.4421e-02],
         [ 2.4463e-01,  2.1797e+00, -1.2354e+00,  1.5020e+00,  1.2568e+00,
           3.9453e-01,  3.1797e+00,  2.2583e-01],
         [ 7.5537e-01,  2.4453e+00,  1.0822e-01,  5.0079e-02,  8.2959e-01,
           8.3105e-01,  2.8164e+00,  4.8560e-01],
         [ 1.3525e+00, -1.0146e+00,  3.3340e+00,  2.4941e+00,  2.3008e+00,
          -1.6465e+00,  3.2617e+00, -7.7454e-02],
         [ 5.8380e-02, -1.8076e+00, -1.1172e+00,  1.7021e+00,  3.0508e+00,
          -4.5117e+00,  2.0254e+00, -1.8799e-01],
         [ 5.5225e-01, -2.7051e+00,  1.2871e+00,  2.4785e+00,  2.2305e+00,
          -2.1484e+00,  1.5449e+00, -9.7266e-01],
         [ 2.0273e+00, -1.5605e+00, -1.2275e+00,  2.5977e+00,  4.2529e-01,
           4.4580e-01,  2.8906e+00, -1.1250e+00],
         [-1.7969e-01, -3.3457e+00,  7.6660e-01,  1.8037e+00, -1.7588e+00,
          -2.3594e+00,  1.4316e+00, -5.5957e-01],
         [ 6.7529e-01, -2.0059e+00,  5.3418e-01, -4.8413e-01, -9.5557e-01,
          -1.7139e-01, -4.0314e-02, -8.7109e-01],
         [-1.4492e+00, -1.4131e+00,  8.4619e-01,  1.2969e+00, -5.9961e-01,
           2.4646e-01,  3.3032e-01, -1.2363e+00],
         [ 1.7080e+00, -1.7881e+00,  1.9092e+00,  4.8047e-01,  8.1592e-01,
           3.6255e-01,  3.0078e-01,  8.4766e-01],
         [ 8.6133e-01, -1.2129e+00, -1.5176e+00,  2.8477e+00, -5.3650e-02,
           6.4990e-01,  3.7344e+00,  2.1797e+00],
         [ 8.5742e-01, -4.5215e-01, -1.9717e+00,  1.6738e+00, -9.7949e-01,
           9.7998e-01,  3.6621e+00,  1.9082e+00],
         [ 1.1299e+00, -2.6992e+00, -1.1748e+00,  1.6816e+00,  5.2588e-01,
           3.5293e+00,  1.9062e+00,  1.1436e+00],
         [ 5.4504e-02, -2.7480e+00,  1.1084e+00,  1.7539e+00,  2.1680e+00,
           5.0488e-01, -6.3916e-01, -4.5508e-01],
         [ 1.1348e+00, -8.7354e-01,  4.7144e-01,  5.3497e-02,  2.1172e+00,
           2.3145e+00, -4.3726e-01,  1.3242e+00],
         [ 1.0382e-01,  4.7827e-01,  3.8989e-01, -8.3984e-02, -2.4453e+00,
           4.6484e+00, -2.0449e+00,  2.8711e+00],
         [ 8.1360e-02, -2.5332e+00,  6.5039e-01,  2.2930e+00,  4.3555e+00,
          -6.4209e-01,  4.3604e-01, -7.8955e-01],
         [ 1.0059e+00, -1.6152e+00,  3.4454e-02,  1.4551e+00,  3.1055e+00,
          -1.4648e-01,  1.2588e+00, -1.4648e+00],
         [-1.4639e+00, -3.7872e-02,  1.0980e-01,  1.3545e+00, -1.4124e-01,
          -2.2812e+00, -1.7402e+00, -1.7334e+00],
         [ 1.6484e+00, -1.2109e+00,  3.0039e+00,  1.1542e-01, -3.9136e-01,
          -1.3291e+00, -9.2529e-01, -7.0703e-01],
         [ 4.9609e-01, -7.7637e-01,  1.0068e+00,  2.4043e+00,  9.7119e-01,
           2.1326e-01, -1.0809e-01, -9.2529e-01],
         [ 5.8838e-01, -6.1328e-01, -9.4287e-01,  1.8760e+00,  3.2812e+00,
          -3.7480e+00,  2.3965e+00, -4.9438e-01],
         [ 8.8037e-01,  4.3652e-01, -1.3408e+00,  1.6270e+00,  1.8311e+00,
           1.0918e+00,  1.3174e+00,  2.9370e-01],
         [ 1.6504e+00, -1.0094e-02, -1.5938e+00,  2.6426e+00, -4.8608e-01,
           2.8945e+00, -1.6016e+00,  6.2305e-01],
         [-5.1709e-01, -2.1484e+00, -1.6406e+00,  9.0674e-01, -1.9580e-01,
          -1.5645e+00, -1.0381e+00, -1.6035e+00],
         [ 1.0459e+00, -6.8213e-01, -1.6709e+00, -2.4976e-01,  1.9043e-01,
          -1.9551e+00,  3.4985e-01, -9.3262e-02],
         [ 1.8477e+00, -6.6943e-01,  1.2170e-01,  2.2227e+00,  2.9375e+00,
           4.5532e-01,  1.7842e+00,  8.8501e-02],
         [-4.5825e-01, -2.2246e+00,  3.2266e+00,  5.1211e+00, -1.0693e+00,
          -5.2100e-01, -1.1133e+00,  9.0039e-01],
         [ 1.4307e+00, -1.3037e+00,  1.1133e+00,  3.2891e+00,  4.6387e-01,
          -1.6318e+00, -1.9668e+00, -1.6919e-01],
         [ 1.1758e+00, -4.5215e-01,  1.1318e+00,  2.1992e+00, -2.4609e-01,
           1.4795e-01, -1.3464e-01,  1.3408e+00],
         [ 7.6172e-01, -1.8457e+00,  4.9683e-01,  4.2578e+00,  9.1309e-01,
          -4.1211e+00,  6.9287e-01,  1.2598e+00],
         [ 3.8965e-01, -1.9180e+00, -6.4502e-01,  4.1602e+00,  1.6631e+00,
          -2.3926e+00,  8.4778e-02, -1.0186e+00],
         [-3.2788e-01, -9.5898e-01,  2.3750e+00,  3.2852e+00, -1.1885e+00,
          -2.7832e-01, -2.1660e+00,  2.3975e-01],
         [-5.9387e-02, -6.6406e-01,  5.0568e-02,  2.1387e+00, -1.3135e+00,
           2.9121e+00, -1.1631e+00, -2.0078e+00],
         [ 9.1602e-01,  2.1143e-01,  1.2363e+00,  2.6025e-01, -1.3770e-01,
          -1.9922e-01, -5.4688e-01,  3.6426e-01],
         [ 8.2703e-02,  5.5939e-02,  4.8145e-01,  2.5957e+00, -7.0459e-01,
           1.5784e-01, -7.2705e-01,  1.0176e+00],
         [-1.4783e-01, -1.9458e-01, -6.7090e-01,  1.0883e-01, -1.2822e+00,
           2.4915e-01, -4.4507e-01,  5.3857e-01],
         [-4.2578e-01, -1.1841e-01,  4.0918e-01,  4.5459e-01, -5.6396e-01,
          -2.9121e+00,  5.6250e-01, -3.1582e+00],
         [ 1.6221e+00, -9.9219e-01,  1.9346e+00,  1.9746e+00,  2.0586e+00,
          -1.5010e+00,  9.9945e-04,  1.0596e-01],
         [-9.6240e-01, -1.3330e+00,  3.9199e+00,  7.2217e-01, -1.4414e+00,
          -3.1055e-01, -2.3613e+00,  5.3125e-01],
         [ 5.0537e-01, -1.1896e-01,  3.6206e-01,  3.7637e+00, -1.9360e-01,
          -4.6289e-01, -2.4961e+00,  3.7323e-02],
         [ 2.0293e+00, -5.8545e-01,  8.9453e-01,  4.0405e-01, -6.0742e-01,
          -1.7109e+00, -1.1338e+00,  8.3838e-01],
         [-3.9917e-01, -5.3223e-01,  6.3818e-01,  2.1348e+00, -2.0820e+00,
           4.6021e-01, -5.6836e-01,  2.8735e-01],
         [ 2.2363e+00, -2.6816e+00,  5.3955e-01,  4.0430e+00, -1.8433e-01,
          -3.2930e+00,  3.3667e-01,  3.7598e-02],
         [ 1.2832e+00, -3.3164e+00,  9.6582e-01,  3.5215e+00,  1.2061e+00,
          -3.4707e+00,  7.8662e-01,  2.0469e+00],
         [ 7.7393e-01, -7.2119e-01,  1.5449e+00,  2.5586e+00, -1.0400e+00,
           8.0908e-01, -5.5566e-01,  5.3680e-02],
         [ 4.7095e-01, -7.6318e-01,  4.3008e+00,  1.1934e+00, -3.3887e+00,
          -1.8978e-03, -3.2266e+00,  6.3330e-01],
         [ 2.7930e+00,  6.1890e-02,  6.9873e-01,  3.4531e+00, -1.3086e-01,
           1.6895e+00,  6.3574e-01,  1.2659e-01],
         [ 8.8916e-01,  1.9922e-01,  7.0752e-01, -3.8794e-01, -2.7734e-01,
          -1.2812e+00, -1.0889e+00,  1.1943e+00],
         [-7.1240e-01, -1.3208e-01,  5.5371e-01,  1.7734e+00, -1.3828e+00,
           5.3418e-01, -3.2764e-01, -2.2632e-01],
         [ 1.4199e+00, -1.3730e+00, -3.6987e-01,  1.9375e+00, -2.9668e+00,
          -9.9854e-01,  1.2666e+00,  2.8906e+00],
         [ 7.4756e-01, -1.3154e+00,  1.8506e+00,  3.1777e+00,  1.3799e+00,
          -3.5625e+00,  7.9199e-01,  2.0645e+00],
         [-1.0000e+00,  1.6479e-02,  1.3213e+00,  3.3047e+00, -2.0508e+00,
           2.6406e+00, -1.7070e+00,  2.1953e+00],
         [ 1.6680e+00, -2.0137e+00,  1.2012e+00,  1.5176e+00,  1.8252e+00,
          -4.1328e+00,  1.1951e-01,  7.0618e-02],
         [ 4.7900e-01, -1.2383e+00,  2.7075e-01,  8.7891e-01, -1.0498e+00,
          -1.0605e+00, -5.2197e-01, -1.3403e-01],
         [ 9.1797e-01, -1.9727e+00,  1.6602e+00,  2.0820e+00,  2.9746e+00,
           5.8936e-01, -5.3564e-01,  2.1179e-01],
         [ 7.2314e-01, -6.5674e-01, -2.6660e-01,  7.5928e-01,  3.4844e+00,
          -7.7979e-01,  1.8643e+00, -2.0938e+00],
         [-7.7344e-01, -3.3691e-01,  5.6213e-02,  1.8662e+00,  5.3906e-01,
          -3.2324e+00, -1.7500e+00, -2.0645e+00],
         [ 5.6836e-01, -1.4199e+00,  1.2070e+00, -4.6921e-03, -1.0342e+00,
          -2.3164e+00,  8.0029e-01, -1.8525e+00],
         [ 2.5610e-01,  7.7343e-04,  2.3945e+00,  6.9043e-01, -1.7871e+00,
          -4.2358e-02, -1.7578e-01,  9.4604e-03],
         [ 2.0337e-01,  2.4297e+00, -5.6152e-01,  3.2559e+00,  1.0693e+00,
           8.3301e-01,  7.5732e-01,  9.5117e-01],
         [-3.2578e+00,  1.6025e+00,  1.7861e+00,  1.4824e+00,  2.1406e+00,
          -8.9062e-01,  4.8853e-01,  1.6816e+00],
         [ 7.4805e-01,  1.2070e+00,  2.1172e+00,  2.6514e-01,  3.4238e+00,
          -6.4990e-01, -1.4062e-01, -1.2085e-01],
         [-3.0859e-01,  1.6589e-01, -2.0374e-01,  1.2607e+00,  4.3008e+00,
          -2.0898e+00, -4.8767e-02, -7.2754e-01],
         [ 8.4473e-01,  3.2593e-01,  5.3253e-02,  1.1504e+00,  3.6875e+00,
           9.3066e-01,  1.4590e+00, -4.3701e-01]],

        [[ 1.1572e+00,  9.2529e-01, -3.0586e+00,  1.4336e+00,  1.2324e+00,
           6.9482e-01,  2.8066e+00, -1.6199e-01],
         [ 2.0586e+00,  3.0981e-01, -5.1855e-01,  7.3193e-01,  9.4531e-01,
          -2.3379e+00,  4.3203e+00, -3.0127e-01],
         [ 1.8740e+00,  6.2793e-01,  4.2236e-01,  3.7539e+00, -1.1133e+00,
          -2.6582e+00,  1.8877e+00, -3.1787e-01],
         [ 1.7598e+00,  2.7832e+00, -2.1523e+00,  6.5234e-01, -1.5889e+00,
          -1.5039e+00,  1.3135e+00, -1.5356e-01],
         [ 5.1172e-01,  2.6416e-01, -8.0566e-01,  1.9551e+00, -1.4355e+00,
          -1.7471e+00,  1.0898e+00, -6.0547e-01],
         [ 1.8955e+00,  4.2432e-01, -4.6411e-01,  2.7363e+00,  7.2021e-01,
          -3.7305e+00,  1.3613e+00, -8.9697e-01],
         [ 1.5098e+00, -1.6885e+00, -5.1855e-01,  2.0664e+00,  1.2705e+00,
          -5.9141e+00,  1.0215e+00,  8.2324e-01],
         [ 1.3467e+00, -2.3418e+00, -6.2988e-01,  2.1738e+00, -1.6699e+00,
          -1.5986e+00,  1.8469e-01,  8.9014e-01],
         [-1.7998e+00, -8.4570e-01, -8.1104e-01,  6.3721e-01,  2.1738e+00,
          -1.9961e+00,  2.2383e+00,  9.5166e-01],
         [-5.7495e-02,  2.0776e-01,  3.3887e-01,  9.1455e-01, -8.4277e-01,
          -3.6108e-01,  1.1074e+00,  5.3711e-01],
         [-8.9307e-01,  3.4326e-01,  9.5215e-01,  1.5833e-01, -1.3174e+00,
          -2.6992e+00,  1.0175e-01, -1.3887e+00],
         [-4.6967e-02,  1.6289e+00,  1.0420e+00,  1.0293e+00, -8.1592e-01,
          -2.0039e+00,  3.8940e-01, -2.4629e+00],
         [-6.4941e-01,  1.1016e+00,  5.2393e-01,  1.4365e+00, -2.3262e+00,
          -3.3789e+00,  3.6743e-01, -1.8965e+00],
         [-2.2812e+00, -1.3955e+00,  1.7566e-01, -9.5642e-02,  1.4277e+00,
          -1.1543e+00,  2.0254e+00, -1.2393e+00],
         [ 7.0947e-01, -9.9756e-01,  1.7607e+00,  1.5322e+00,  1.6025e+00,
          -1.7012e+00,  2.2969e+00,  7.7979e-01],
         [-1.2217e+00, -9.8096e-01, -1.9424e+00,  1.1719e+00,  1.2471e+00,
          -2.7285e+00,  2.9770e-02, -7.8516e-01],
         [-6.4062e-01,  2.8687e-01, -2.9980e-01, -8.2321e-03,  1.4238e+00,
          -5.8350e-01, -1.5186e-01, -7.0850e-01],
         [-1.6016e-01,  2.9443e-01,  5.5328e-02,  8.3887e-01,  9.8779e-01,
          -5.8740e-01,  1.4294e-01, -1.0565e-01],
         [-1.3711e+00,  6.1670e-01,  8.3557e-02, -3.8306e-01, -4.9097e-01,
          -3.6060e-01, -2.1543e+00, -1.2354e+00],
         [ 1.1074e+00,  1.6963e+00,  1.3369e+00,  8.7842e-01, -7.7588e-01,
          -9.9121e-01, -3.3545e-01, -2.0059e+00],
         [-1.1816e+00,  1.3799e+00, -7.9297e-01,  1.2520e+00, -1.0137e+00,
          -2.2812e+00,  8.8272e-03, -1.0303e+00],
         [-1.1211e+00, -3.7256e-01,  1.2646e+00,  1.5391e+00, -4.8065e-02,
          -1.0518e+00,  1.1768e+00,  1.0059e+00],
         [ 2.1113e+00, -2.2871e+00,  1.7998e+00,  3.3965e+00,  2.2402e+00,
          -3.4746e+00,  1.5273e+00,  1.5273e+00],
         [ 1.4697e+00, -1.1309e+00, -9.2236e-01,  2.0469e+00,  2.3809e+00,
          -5.0117e+00,  2.0625e+00, -1.4229e+00],
         [ 3.6797e+00, -4.4482e-01, -1.3984e+00,  3.0293e+00,  2.3125e+00,
          -2.0156e+00,  2.7227e+00, -2.0156e+00],
         [ 1.1611e+00, -3.6304e-01, -7.5977e-01,  2.4980e+00,  1.2822e+00,
          -3.9668e+00,  1.5149e-01, -4.5117e-01],
         [ 1.3594e+00, -9.2334e-01,  1.8271e+00,  2.7441e-01,  5.2393e-01,
          -1.8115e+00,  9.6924e-01,  4.5361e-01],
         [ 5.7910e-01,  3.4326e-01,  2.3770e+00, -1.3076e+00, -5.3857e-01,
           1.3770e+00, -6.7969e-01,  4.0161e-01],
         [ 2.6289e+00, -4.2432e-01,  2.5156e+00,  1.0615e+00,  8.6865e-01,
          -3.3320e+00,  5.0732e-01,  2.2578e+00],
         [ 2.1406e+00,  4.0479e-01,  9.6680e-01,  2.2324e+00,  6.0547e-01,
          -4.8086e+00,  1.0879e+00,  2.1289e-01],
         [ 7.1289e-01, -4.2236e-02,  5.3906e-01,  2.9590e+00, -1.3662e+00,
           1.1279e+00, -3.3574e+00, -1.1318e+00],
         [ 3.2007e-01,  3.4033e-01, -3.5474e-01,  3.7969e+00, -1.5771e+00,
          -3.6035e+00, -6.3086e-01, -1.5225e+00],
         [ 1.4941e+00, -1.9458e-01,  9.6008e-02,  7.5928e-01, -3.0054e-01,
          -1.4941e+00,  2.2695e+00, -1.1978e-02],
         [ 1.1211e+00,  7.2949e-01, -2.7759e-01,  1.1670e+00,  2.3711e+00,
          -2.9160e+00,  5.3320e-01, -4.8438e-01],
         [-5.3760e-01,  4.6631e-01,  2.6289e+00,  3.7598e-01,  7.2083e-02,
          -1.6338e+00, -2.3574e+00, -1.3408e+00],
         [ 7.0703e-01,  4.1333e-01,  3.7671e-01, -1.0039e+00, -1.3271e+00,
          -5.7471e-01, -1.1562e+00, -1.9922e+00],
         [-1.9717e+00,  4.8523e-02,  2.6221e-01, -1.5029e+00, -9.5996e-01,
          -9.4922e-01, -2.1289e+00, -1.1885e+00],
         [-3.6401e-01, -1.3838e+00, -2.3555e+00, -1.3496e+00,  1.2744e+00,
          -1.5518e+00,  1.7695e+00, -1.0850e+00],
         [ 3.7817e-01,  9.3359e-01, -1.7529e+00,  2.2852e+00, -8.1836e-01,
           1.4385e+00,  7.7539e-01,  5.3516e-01],
         [ 7.5488e-01,  1.3311e+00, -1.3037e+00, -6.6992e-01,  7.3975e-01,
           7.0117e-01, -2.8149e-01, -1.3682e+00],
         [-1.7725e+00, -1.6523e+00, -1.8176e-01,  1.1533e+00,  2.2988e+00,
          -2.3965e+00,  2.8008e+00,  1.4282e-01],
         [ 5.1855e-01,  9.2432e-01,  2.2070e-01,  5.8594e-01, -1.1395e-01,
           2.5586e+00, -9.8193e-01,  4.3115e-01],
         [-1.0371e+00,  1.3965e+00,  2.2676e+00,  2.3999e-01, -9.7656e-01,
          -1.2793e+00, -1.2812e+00, -2.0742e+00],
         [ 4.0863e-02,  1.8926e+00,  1.1084e+00,  1.4478e-01, -1.2812e+00,
          -1.1621e+00, -6.1914e-01, -2.8145e+00],
         [-1.7656e+00,  1.4062e+00,  4.5776e-01, -4.7272e-02, -2.9062e+00,
          -1.9980e+00, -1.5881e-01, -2.1191e+00],
         [-2.5137e+00, -1.4424e+00,  9.1455e-01, -3.2593e-01,  2.0820e+00,
          -1.6953e+00,  4.5093e-01, -1.9268e+00],
         [ 1.3892e-01,  7.9688e-01,  5.4443e-01,  1.5303e+00,  1.5225e+00,
          -1.4785e+00,  2.8467e-01, -1.9055e-01],
         [-2.1997e-01, -4.5581e-01, -4.6899e-01,  1.4678e+00,  3.5918e+00,
          -4.6484e+00,  2.8125e-01, -9.7852e-01],
         [-1.1963e+00,  5.0684e-01,  9.2041e-01,  7.9150e-01, -7.6221e-01,
          -1.5000e+00, -1.2900e+00, -1.6875e+00],
         [ 1.7939e+00,  1.0605e+00,  1.5078e+00,  9.9365e-01,  5.3516e-01,
          -1.4141e+00, -5.5029e-01, -1.9814e+00],
         [-1.6396e+00,  9.7949e-01, -6.1279e-01, -5.1318e-01, -1.0713e+00,
          -1.8311e+00, -5.3809e-01, -1.2559e+00],
         [-8.8086e-01,  2.2344e+00, -1.7548e-02,  4.9902e-01, -1.8555e+00,
           2.3574e+00,  2.4670e-01,  1.8174e+00],
         [-8.1934e-01,  1.5686e-01,  2.8052e-01,  1.2384e-01,  2.6641e+00,
          -5.9688e+00,  1.9375e+00, -8.9209e-01],
         [ 3.9624e-01,  1.4619e+00, -1.5442e-01,  2.0039e+00, -1.3037e+00,
           3.3711e+00,  6.7041e-01,  4.8975e-01],
         [-2.3975e-01, -3.6926e-02, -1.5527e+00,  2.2637e+00, -1.5703e+00,
          -3.1128e-01, -2.7905e-01, -1.4219e+00],
         [-6.1475e-01,  4.5996e-01,  1.4668e+00,  2.7559e+00,  1.9639e+00,
          -1.0537e+00, -9.9072e-01, -2.2498e-01],
         [-4.1138e-01, -2.0098e+00,  1.4863e+00,  2.7676e+00,  1.0957e+00,
          -1.2627e+00, -2.9617e-02, -1.2490e+00],
         [ 6.5186e-01, -4.7241e-01, -2.2168e+00,  2.0586e+00,  1.0186e+00,
          -2.2617e+00,  1.4443e+00, -1.5029e+00],
         [-1.0264e+00,  1.9666e-01, -6.1621e-01, -8.0444e-02, -3.6035e-01,
          -8.8818e-01, -2.5513e-01, -1.2217e+00],
         [ 6.9824e-01,  2.5117e+00,  1.7119e+00,  2.8008e+00,  1.0687e-01,
          -8.6523e-01,  2.1692e-01,  4.0723e-01],
         [ 1.5449e+00,  2.8730e+00, -1.0127e+00,  3.0352e+00, -1.0381e+00,
           1.8640e-01, -5.9540e-02, -7.3096e-01],
         [ 5.0195e-01,  1.9580e+00, -1.4863e+00,  2.4414e+00, -2.5391e+00,
           4.4214e-01, -5.6250e-01, -1.0439e+00],
         [-1.7441e+00, -7.0947e-01,  3.3887e-01,  7.2705e-01,  3.4688e+00,
          -1.7852e+00, -5.1953e-01,  1.9653e-01],
         [-2.9004e-01, -2.8247e-01,  1.4014e+00, -9.7168e-01, -1.3252e+00,
          -9.3164e-01, -2.2949e+00, -9.0137e-01],
         [ 1.1230e+00,  1.5449e+00,  4.8755e-01, -1.5308e-01, -2.0703e+00,
           1.4587e-01, -1.3447e+00, -1.7891e+00],
         [-1.3350e+00,  7.3291e-01, -1.5149e-01, -5.3809e-01, -3.5566e+00,
          -1.3906e+00, -6.3623e-01, -1.5391e+00],
         [-3.3125e+00, -2.4551e+00,  2.5146e-01, -1.7441e+00,  3.0078e+00,
          -1.1152e+00, -8.5938e-01,  1.2103e-01],
         [-1.9199e+00, -7.6318e-01,  8.0273e-01, -1.2617e+00,  3.7383e+00,
          -1.4707e+00, -9.4971e-01, -7.3340e-01],
         [ 2.0557e-01, -6.8909e-02,  2.4451e-01,  1.3945e+00,  3.5723e+00,
          -4.8828e+00, -1.1902e-01, -8.3496e-01],
         [-3.8340e+00,  5.5762e-01, -5.3711e-01, -1.2148e+00, -1.9336e+00,
          -1.6025e+00, -2.7656e+00, -2.6816e+00],
         [ 8.3301e-01,  1.0840e+00,  1.2529e+00,  2.6172e-01, -2.6245e-01,
          -2.3083e-01, -8.3789e-01, -1.9834e+00],
         [-1.3330e+00,  1.0000e+00, -5.6445e-01, -6.8555e-01, -1.3516e+00,
          -1.4473e+00, -8.3545e-01, -1.1270e+00],
         [-2.4980e+00, -1.9795e+00,  5.5127e-01, -1.4111e+00,  3.8379e+00,
          -2.9453e+00, -5.7764e-01, -3.0249e-01],
         [-7.1875e-01,  7.9102e-01, -4.1797e-01, -9.9951e-01,  3.5059e-01,
           7.3389e-01, -1.2910e+00,  2.5726e-02],
         [ 1.5686e-02,  6.1279e-01,  6.5918e-02,  2.2383e+00, -4.2676e-01,
           6.6223e-02, -1.0576e+00,  6.6406e-01],
         [ 1.8584e+00, -4.9487e-01,  1.2861e+00,  1.8799e+00,  3.7817e-01,
          -3.3887e+00,  2.5928e-01, -4.7095e-01]]], device='cuda:3',
       dtype=torch.float16)
